             name             | count 
------------------------------+-------
 Missa L homme arme           |   100
 Innsbruck ich mu dich lassen |   100
 Missa Nuncqua fue pena maior |   100
 Esclave puist yl             |   100
 Et trop penser               |   100
(5 rows)

 onset | pitch-b40 
-------+-----------
     8 |       106
    12 |       106
    16 |       117
    20 |       146
    24 |       106
    24 |       146
    28 |       157
    30 |       112
    32 |       106
    32 |       117
    36 |        94
    36 |       106
    36 |       146
    40 |       117
    44 |        89
    44 |       140
    48 |        94
    48 |       106
    48 |       146
    52 |       157
(20 rows)

 piece_id | onset |    chords    
----------+-------+--------------
      906 |     8 | {106}
      906 |    12 | {106}
      906 |    16 | {117}
      906 |    20 | {146}
      906 |    24 | {106,146}
      906 |    28 | {157}
      906 |    30 | {112}
      906 |    32 | {106,117}
      906 |    36 | {94,106,146}
      906 |    40 | {117}
      906 |    44 | {89,140}
      906 |    48 | {94,106,146}
      906 |    52 | {157}
      906 |    54 | {89}
      906 |    56 | {83,112,163}
      906 |    60 | {77,117,169}
      906 |    64 | {129}
      906 |    66 | {83,163}
      906 |    68 | {89,157}
      906 |    70 | {94}
(20 rows)

 piece | num 
-------+-----
  4422 |  41
   906 |  18
   906 |  19
   906 |  20
   906 |  21
   906 |  22
 10132 |  28
   906 |  23
   906 |  24
   906 |  25
   906 |  26
   906 |  27
   906 |  28
   906 |  29
   906 |  30
 10132 |  29
   906 |  31
   906 |  32
   906 |  33
   906 |  34
   906 |  35
   906 |  36
   906 |  37
   906 |  38
   906 |  39
   906 |  40
   906 |  41
   906 |  42
   906 |  43
  4422 |  18
  4422 |  19
  4422 |  20
  4422 |  21
  4422 |  22
  4422 |  23
  4422 |  24
  4422 |  25
  4422 |  26
  4422 |  27
  4422 |  28
  4422 |  29
  4422 |  30
  4422 |  31
  4422 |  32
  4422 |  33
  4422 |  34
  4422 |  35
  4422 |  36
  4422 |  37
  4422 |  38
  4422 |  39
  4422 |  40
  6010 |  18
  6010 |  19
  6010 |  20
  6010 |  21
  6010 |  22
  6010 |  23
  6010 |  24
  6010 |  25
  6010 |  26
  6010 |  27
  6010 |  28
  6010 |  29
  6010 |  30
  6010 |  31
  6010 |  32
  6010 |  33
  6010 |  34
  6010 |  35
  6010 |  36
  6010 |  37
  6010 |  38
  6010 |  39
  6010 |  40
  6010 |  41
  6010 |  42
  6010 |  43
  6010 |  44
  6010 |  45
  6010 |  46
  6010 |  47
  6010 |  48
  6010 |  49
  6010 |  50
  6010 |  51
  6010 |  52
  6010 |  53
  6010 |  54
  6010 |  55
  6010 |  56
  6010 |  57
  6010 |  58
  6010 |  59
  6010 |  60
  6010 |  61
  6010 |  62
  6010 |  63
  6010 |  64
  6010 |  65
  6010 |  66
  6010 |  67
  6010 |  68
  6010 |  69
  6010 |  70
  6010 |  71
  6010 |  72
  6010 |  73
  6010 |  74
  6010 |  75
  6010 |  76
  6010 |  77
  6010 |  78
  6010 |  79
  6010 |  80
  6010 |  81
  6010 |  82
  6010 |  83
  6010 |  84
  6010 |  85
  6010 |  86
  6010 |  87
  6010 |  88
  6010 |  89
  6010 |  90
  6010 |  91
  6010 |  92
  6010 |  93
  6010 |  94
  6010 |  95
  6010 |  96
  6010 |  97
  6010 |  98
  6010 |  99
  6010 | 100
  6010 | 101
  6010 | 102
  6010 | 103
  6010 | 104
  6010 | 105
  6010 | 106
  6010 | 107
  6010 | 108
  6010 | 109
  6010 | 110
  6010 | 111
  6010 | 112
  6010 | 113
  6010 | 114
  6010 | 115
  6010 | 116
  6010 | 117
  6010 | 118
  6010 | 119
  6010 | 120
  6010 | 121
  6010 | 122
  6010 | 123
  6010 | 124
  6010 | 125
  6010 | 126
  6010 | 127
  6010 | 128
  6010 | 129
  6010 | 130
  6010 | 131
  6010 | 132
  6010 | 133
  6010 | 134
  6010 | 135
  6010 | 136
  6010 | 137
  6010 | 138
 10001 |  18
 10001 |  19
 10001 |  20
 10001 |  21
 10001 |  22
 10001 |  23
 10132 |  18
 10132 |  19
 10132 |  20
 10132 |  21
 10132 |  22
 10132 |  23
 10132 |  24
 10132 |  25
 10132 |  26
 10132 |  27
(189 rows)

      name      
----------------
 Et trop penser
(1 row)

